10000250	2683
10047250	26595,24477,23928,18960,4479,8816,8483,13471,21067,8976,11857
10052000	8257,26619,8637,18465,28481,29099,1293,27638,27791,16154,24385
10054250	26969,1079,1335,4667,11159,23861,27602,25570
10063000	949,10893,22556,19539,849,14930,979,29099,22393,18075,24434
10064500	21865,6352,19702,11196,8637,949,22583,6326,26273,29099,10778
10069500	4307,1335,18465,7479,18024,25596,12541,27638,20297,23622,12606
10095000	18805,9392,27906,7850,11211,7105,15835,20775,9525,3983,2683
10112000	9522
10212500	16818,24081,15390
10224750	7822,11196,8637,19974,614,8278,15019,7542,18075,22887,15549
10229250	8637,16865,28463,29330,11201,11227,28481,24869,22880,7179,27179
10234000	14902,8637,23698,27390,22583,4479,1335,849,29099,27514,12033
10257500	4691,4281,14902,4479,11730,15473,15390
10261750	8257,8637,849,12068,9472,18024,19891,29099,27638,16154,18290
10264750	23735,8637,2612,22732,1335,2436,10673,29203,29099,530,12795
10297000	17024,18075,28201,5856,27056,15390,10570,5053
10302500	14020,13592,12754,8257,18024,13258,24886,29099,12162,27791,18075
10309250	1335,18180,23928,11734,14573,7105,29099,11329,25570,12606,10014
10322250	9906,5950,3913,4294,29330,11201,12358,29099,10702,10778,14248
10393750	14573,5403,2963,5721,24669,4479,7479,22280,12541,12125,3046
10443000	22609,9111,849,7479,15138,13258,19197,24878,1392,20979,2683
1046250	10678,1335,23861,25366,4220,2683
1047000	13872,16628
10477000	22795,14809,23698,23861
10492250	2323,29099,8637,849,5896,8278,4039,27638,20578,8724,2669
10513000	6147
10521000	21996,19105,19217,10176,17690,28481,24553,7409,25618,13258,10014
10533750	16757,1335,17470,27035,12068,29203,24601,7105,29099,4578,27346
10539250	17214,17690,16540,20979,12942
10566000	15315,22280,28466,3854,11279,5856,22749,12162,14144,1392,7868
10578000	16818,9291,23206,8637,24669,5856,12541,530,28975,12606,6621
10588000	10893,15086,23861,849,4479,8637,15138,29099,16540,15032,2513
10592000	1335
10592750	2323,14020,3913,6880,19974,25488,17945,29099,646
10598500	8628,11196,22280,21835,3219,23928,527,17287,26493,10778,10014
10609250	14020,11196,6988,22583,8816,13260,21067,20661,9486,12606,2683
10619000	13067,18805,4479,12647,29099,27638,5908,15390
10628500	9472,23861,849,23928,8637,239,29099,20297,27514,20979,2683
1063000	9906,6571,12888,13784,12285,23861,8816,22749,29099,18075,27179
10642000	1335,12754,27390,4479,15032,28481,27205,3068,26800,12606,2683
10653250	11176,8637,554,23928,5315,13716,23861,12189,29099,4578,12606
10654750	19153,15315
10696000	18730,2963,2329,11201,18296,29099,8278,13050,27791,10908,22887
10713250	26619,23783,28201,23698,849,24553,531,9322,25570,18822,11220
10715500	1335,19389,12162
1074500	24383,9472,25570,5081,5086,27448,28751,27791,5814,12606
1074750	11196,15032,23861,849,9111,18024,22280,10778,27791,14261,10014
10756500	27791,1335,22280,19539,23861,10373,14209,29099,10778,15390,953
10773000	6352,26619,28662,14902,7479,12541,8278,25240,10908,12606,28622
10774750	16952,9959
10790500	21684,12606,21217
10799000	8660,3393,1230,24415,8637,849,4479,18025,9078
10818500	569,17034,14525,8409,11201,29203,13020,1362,29099,27791,12606
10831750	21516,14642,10097,15086,13909,24669,27599,28662,22280,29099,11775
10840750	23779,20256,12550,9192,29099,28945,18072,25570,24567
10845500	20611
1086750	28409,24385,23783,12886,22280,8396,24515,17389,18075,19828,2683
10885750	18496,15471,2872,26078,6656,19394,16738,22280,27791,18075,12606
10927500	18024,4491
10933250	29099,20979,29330
10944750	3228,29099,7150
10966250	23554,11176,11196,1335,23549,12285,28481,22280,29099,932,12977
10976250	20701,6571,11679,16939,8278,20565,25366,12606,2683
11022500	4648,3913,8637,1264,9472,8557,23340,29269,4058,17835,19891
11032250	21849,2273,27592,57,11201,29213,27433,8931,10778,22887,10014
1104500	18805,26144,12376,8637,18678,29330,22280,14294,29099,8278,2683
11046750	8637,28481,18025
11078500	2323,3393,9275,8637,14661,8278,29099,14451,3536,4039,27638
1110750	29473,18695,12426,12754,6411,7850,21925,3458,23628,20578,14593
11111500	11196,13872,18465,20230,6113,16952,17389,10713,18824,27791,18075
11114000	24865
11121500	6597,6352,20979,7150
11131750	15032,16154,21847,27035,4479,1335,13020,22880,10778,27796,2683
11137750	8171,21684,3913,5015,13872,20256,12068,19891,22880,27205,10778
11141500	20597,18960
11142000	4307,1335,9525,13872,14902,13909,29330,16939,6203,28494,25863
11158000	3913,24385,11196,1335,19702,29099,7230,22880,25570,12606,2683
11167500	5410,554,3219,18960,4761,8816,22280,24603,4578,5681,2683
11169500	1335,953,9109
1118250	4479,8637,13872,18465,849,12068,22280,239,29099,12162,3651
11220500	20221,21865,3228,8637,18075,14753,16154,29099,9525,10778,17290
11225500	5950,23845,23783,1335,9525,778,7479,19891,14451,28975,18075
11283500	14573,18805,9109,12489,29330,7479,9192,12541,27737,5043,10014
11300000	8375,2963
11307500	28409,18933,20297,19974,23861,29099,8278,12977,16140,4220,2683
11313000	23779,14020,1704,27505,9916,8637,8278,29099,646,27791,12606
11340250	23779,11001,8339,5169,28481,18712,18024,10203,29099,29154,2683
11362000	14065,4276,1335,18075,15952,12907,12541,20297,11329,4220,8693
11391250	20536,18990,15614,8637,20361,9090,11201,7105,8278,12606,23614
11397250	17699
1140750	19135,20256,23861,11201,19974,12352,20297,27791,18075,953,360
11440500	4491,11196,1335,22280,7105,29099,8278,10014,28201,12606,3534
1148000	740,8637,25570,27390,19625,849,29099,24878,15814
11493000	18937,21967,19702,12453,29099,22727
11494250	12068,14020,1771,24415,15315,11196,11201,7850,27791,12183,19828
11496750	3534
11503250	16302,8637,5081,18180,24886,29099,27791,6765,12606
11527500	14415,15315,25960,1335,23928,25545,9792,5851,20297,20979,16140
11535250	22113,13872,25677,849,13020,7105,14265,23439,21071,24878,2683
11535500	29491
11552750	19128,6571,7230,21844,28159,5557,12606,12541,27791,13494,13103
11558000	4479,27444,8637,15560,9363,29330,11201,3627,29099,16540,8725
11564250	572,20256,29099
11579750	21996,22490,23861,18712,25488,12435,6734,19632,13360,14265,1031
11590500	1335,13672,22280,20979,4220,22533,934
11601500	1392,26614,25669,1335,7511,12162,10778,5043,12853
11612500	26210,14020,1335,24669,25669,12728,27328,18075,9046,8976,3176
11613500	20256
11616250	5458,14873,8637,3219,19891,29099,9549,2072,930,7179,25830
11625250	414,29501,8278,29330,24075,11201,22280,29099,19974,23223,16154
11631250	25863
11632250	6571,25989,8637,7611,22963,27205,6352,10778,27791,25022,20661
1165500	6571,2963,8409,8637,27887,13086,1335,4578,12352,21146,7186
11683250	1335,14603
11687000	9916,8637,26665,22852,24515,19974,9678,7186
11701500	17760,12888,23861,24737,20297,10778,25366
11730000	16818,11080,11196,1335,12068,12688,19891,29099,27791,25669,2683
11734000	25976,1849,18730,2963,13872,28969,4992,29099,3536,16540,26619
1173500	29477,18730,11196,23861,18712,1196,14930,15896,12541,8278,23143
11737250	23071,29099
11751000	24415,23783,949,1335,6117,12068,6880,18063,27927
11761750	3913,2963,8637,14902,16939,15032,6152,8483,23223,27791,14496
11772000	21516,12933,4693,28662,5283,18292,17273,14209,530,7756,2266
11782250	12680,26619,3328,1966,16500,8307,9792,22280,23019,8965,2683
11794250	27638,29099,27092
1181250	2323,23779,5367,8637,8058,10948,29099,21067,23632,1539,2683
11847750	9792
1189000	8637,19095,23928,849,22583,22280,3627,29099,24869,18075,5053
11894500	4479,527
11896000	12541,9472,14902,3219,16939,7105,29099,4039,2683,5043,10014
11923000	21351,6364
11939000	20536,8628,2963,12907,28573,7409,29099,26052,1031,18075,2683
11947000	3913,23783,21911,23928,9522,12285,530,20470,27791,16154,10014
1194750	20536,10325,18730,2963,12688,29330,11201,12453,29099,4479,2683
11949750	23662,10532,4281,15315,23538,14902,11201,21706,29099,25420,25483
11957000	23907,15315,26614,2421,23861,10893,29099,4039,23223,9799,16154
11972750	11018,2963,11196,1335,12754,4571,18024,22280,24907,16540,18075
11984750	27205,21684,527,993,3627
12004000	25260,22446,8637,14902,23861,29330,22280,6147,12606,7186,10014
12008000	16818,21684,25324,1335,23861,8816,7105,29099,27056,4578,8724
12015000	11201,3393,2610,16406,28481,29261,12541,10480,10778,27791,21593
12015250	7479
12016750	23779,6352,25960,8637,554,29099,12162,26728,27205,5043,18289
12027000	17959,6352,25820,8860,20256,5876,7105,18741,24575,10778,1917
12028500	16540,27888,8637,12754,663,23861,15218,15032,18024,29099,27791
12061000	8628,22887
1206500	2323,21996,15315,2445,9472,11244,26614,29099,7822,27638,17835
12065000	5820,12453,8637,10647,27390,1335,29154,10702
12142750	23779,15315,12008,8171,14470,23774,13556,9834,6548,27052,11897
12154500	24978,25960,8637,23214,23928,29330,9301,13124,11079,14261,20412
12173500	6571,21561,26568,4220,22556,18075,29099,9469,20297,21288,25372
12204750	8637,27205,19974,7963
12215000	2963,22365,1335,25570,12754,4479,26127,20979,29099,4220,24434
12229000	6435,7207,12489,25677,16762,21519,18024,17277,29099,27791,18075
12231250	5185,8637,20701,28401,23861,6113,24274,3185,11211,14261,8724
12234750	26614,25372,19993,6980,4479,10893,25248,29099,25483,22126,15032
12239250	16540,3913,2963,23482,13238,22280,7105,10778,10014,18075,17136
12275500	18730,27396,16568,18712,16500,22280,13020,29099,24869,16243,1507
12331000	14486,6571,16884,2963,5185,10646,11196,690,27893,6729,9620
12337750	146,8637,2348,4479,7479,12606,29099,8278,4578,3651,21217
12371000	20617,2963,18946,9111,29330,18730,22280,11612,29099,24869,20412
12377250	11079,953,8996,23861,22280,24601,29099,646,24447,28201,24427
12384250	8628,24954,3219,3828,3658,20979,29099,28535,10778,12606,2683
12388250	18868,24669,5856,29099,2803,13872
1240250	15534,1335,11244,7708,18960,4479,21444,29099,18392,6208,10014
12417500	29472,29099,2963,554,23928,9792,7105,12541,27205,25618,2683
1244250	15390,3913,22280,17214,28481,527,29099,24771,20297,27179,934
1247000	5950,2963,18145,13872,25917,5856,22280,29099,10014,5043,2683
1319000	6571,18957,1335,13872,5445,18960,17629,12541,10778,18075,2683
1324500	9894,27791,18200,4479,527,22887,29099,12162,22246,9985,12606
1338750	4262,6571,4683,25352,26614,28481,22280,11558,6242,23157,16140
1365000	3393,22113,11196,1975,23698,23403,1384,7105,23157,7736,10829
1381000	6352,27637,26623,14661,9792,28463,19891,29099,4578,27155,12606
139000	10778,7105
140500	22633,12541,8637,953,29330,7410,29099,4578,25366,6621
1441500	20297,7850,27508,25033
1446250	14525,15315,24517,4421,700,24669,4125,7105,8278,16564,16154
1449250	6352,24944,16116,27638,10778,6199,7186
145750	10264,11196,11244,4479,28481,16540,18075,20979
1459750	19891
1492500	20297,25651,19197
1499750	25531,10406
1517000	7096,19440,18730,11063,530,12656,2843,25248,7105,29099,8278
1525000	5015,1335,6133,9302,15538,28481,7105,8278,16722,12606,17402
1528500	24517
1530250	23779,9273,1539,29099,24765
1531250	16818,24193,22442,11196,18465,12988,14533,27205,22583,12606,2683
154500	25366,1335,23861,27035,28481,7105,29099,27205,15019,18072,10014
1561250	7096,16463,3228,9111,8495,24307
1579250	9906,12285,7479,8637,18180,29330,23861,1335,5856,8483,29099
1617250	18805,8171,8637,13872,11196,24942,29330,28481,3627,4578,19828
1620500	18465,6621,7105,5445,25960
1622500	8637,27390,1392,28481,18025,19564,15019,29389,14261,20979,10014
1627000	21684,3686,13103
1629250	9120,23779,9111,4479,6520,24601,29099,19974,6147,15959,1598
1641000	7479,2266,20727,24720
1661750	25366,11196,13872,8278,11201,5856,29099,12162,4578,27791,2683
1688750	17958,11196,23928,18024,21865,19891,29099,2683,25669,7186,4960
1699500	16716,13020
1710500	18990,3913,23465,20896,23861,27390,16406,3181,530,28065,25244
1724000	1700,21275,25960,8637,22638,29330,25669,125,29099,24517,27375
1724250	28201,3228,12758,22583
1727500	3228
1758250	5192,7577,14091,1335,9525,2764,4479,29099,18960,27791,3314
1767500	9297,2610,15032,14902,16939,7975,7409,8530,14265,24196,27179
1782250	20875,9111,14902,29330,14261,1335,29099,23223,4464,9486,2683
1792000	26568,2455,12052,7479,28481,14573,6203,9301,16140
1806750	6571,24385,14788,10702,28201,4125,17153,13430,18075,14153,17402
1812000	155,23783,11196,23861,19941,20979
1815750	25260,3393,27791,8188,14482,8637,20361,4479,12433,23628,16540
1838000	3809,13592,26299,969,14917,8799,22280,7105,23223,27791,5639
1838750	21684,19365,5470,25200,29099,25346
1855750	17297,7150,14984,29099,27179
1904750	10879,21684,19135,12489,24553,23928,25488,13238,29099,15390,2683
190500	14661,20243,18465,23861,29330,12068,10778,4238,20751,27946,27333
1906000	27791,29099,2963,11196,24517,7176,22280,19702,11080,18075,11857
1909250	4281,13784,6988,1335,20256,18960,7045,22280,29099,15390,27795
1911500	26894,747,28008,23861,16913,21815,24886,29099,12728,2266,23403
1934750	11201,11079,23861,29099,25960
19500	21684,6571,11196,1335,19135,18024,7105,19974,4846,27791,18075
1953250	6820,6571,8860,11196,24196,17921,29099,28675,27791,25570,7868
1969000	8171,13795,18730,2963,25960,28267,23861,11201,4578,27791,29231
1971500	11196,9472,18465,8637,28481,29099,8278,4578,25366,28201,10014
1985250	28570,24898,27179
200250	19166,1335,23928,10879,28481,7105
2033500	13754,16463,18990,18730,25960,1335,5185,18180,29099,23223,14261
2050000	15315,13672,11244,7616,3627,29203,18635,14573,29099,20297,5043
2078000	25260,3393,15315,9111,18180,4571,13020,29099,12076,4762,22240
2088000	29473,8637,14470,849,12068,9472,28481,20979,8648,1335,13494
2103250	21684,6988,1335,11201,8637,7997,12688,20297,27791,25570,27179
2132250	3219,28687,4582
2138750	4281,10097,4212,13956,23057,1192,23861,4479,11612,29099,22016
2148250	3613,9522,19029,29330,22043,10778
2168250	15390,6352,5470,11196,24196,28463,12541,9799,27791,12606,7868
2182750	16818,3393,7432,8637,9525,14917,22280,29231,29099,8261,12606
2187500	2594,4078,26614,20909,1920,8980,23628,12056,21372,20297,18519
2198750	29099,8637,7479,18024,12606,5470,25618,23223,10778,13054,24886
2200750	25260,10014,7230,13592,8637,953,27033,29099,15390,18075,2683
2232500	20536,21684,3228,1335,13909,19207,4479,22280,29099,19974,10829
2251750	25531,23735,9472,9525,14917,3219,5950,29099,8278,23232,27179
2253250	8257,3913,4807,16154,22583,12040,527,28975,1031,18145,2683
2316250	18805,2710,6352,15032,23861,16952,4307,19891,20297,8628,3046
232000	6352,11196
2322750	3766,9111,12754,24960,7105,10778,1392,12606
2350750	23779,6242,16782,9111,24801,3219,7479,21460,20661,16154,9899
236000	14020,2963,9109,8637,13872,3393,9522,28463,18275,27791,27028
2364500	8637,111,13629,18733
2378500	21684,1237,3913,18730,9111,12754,11734,29099,19974,22887,10014
2386250	17773,1335,12754,23861,4254,29203,22749,29099,27791,14261,20979
239250	16818,18990,11196,8637,9301,25488,9111,29099,20536,25329,10778
2428500	11201,4578,8637,23774,7105
2448250	6352,6014,11060,10176,25488,24669,12541,6305,1293,10778,8691
2476250	27817,16272,19828,7392
2480750	18172,8628,2963,949,1335,1797,22843,17214,15032,22946,25427
2492500	9131,23531,7160,16939,20979,3626,19005
252500	8171,29490,14342,9111,953,23928,29330,5856,21865,29099,20979
2557000	1335,29099,12162
2616250	4479,1427,8637,849,11201,12052,24907,29099,3534
266500	6961,10193,26619,5833,27117,11748,3393,29330,7409,16540,27179
267250	9273,1237,4949,24669,21925,8483,29099,20297,27791,25427,20979
2676250	21783,22179,14328,8278
2688750	6352,2963,25960,9111,18273,11196,21925,7105,18075,20979,2683
2733500	16331,8257,3958,16499,10893,8508,17599,21684,20297,28201,2683
2752000	4366,13784,2963,8637,13872,14917,29330,29203,18290,29099,20979
2768250	22113,15315,27246,14917,3534,29099,12332,2683
2771250	6674,7105,12606
2788750	17032,11176,8637,16154,12938,24669,7479,18075,29099,1335,3046
2807500	11329,12541,1335,5557,22280,29099,9165,10778,25366,1884,10014
2823250	25329,29330,7105,27706,10778,14630
282500	23779,6352,11196,27514,11679,29486,11956,17581,18024,11211,26050
2870250	9273,22113,3513,3219,24669,778,1335,29099,27791,14261,20979
2874500	6820,20536,1335,21783,12068,22280,7105,29099,6242,2683,19891
2882750	29541,2960,15159,15302,22280,19005,13244,12352,25366,22749,2513
2891500	6352,6880,11196,23861,3627,28481,24601,29099,16722,23223,12606
2910750	11201,29099
2920750	24385,23783,11196,8637,953,23861,15315,29099,9799,3651,7105
2940000	16406,23783,24172,21665,4479,9792,22280,7409,29099,12606,10014
2968250	2963,23783,24196,1335,18180,23861,527,239,29099,4578,27791
29750	7812,2963,29501,21885,16939,27389,28685,1432,23223,17929,5043
2975500	18730,9111,23928,17214,1335,7105,29099,4039,20297,11329,10014
2988000	25214,18465,12068,4621,3151,7105,20297,27638,15390,16243,7868
3001000	18730,8637,13872,29330,12068,10646,22280,29099,4039,21067,27791
3009000	1700,20536,8637,23861,849,12285,12159,29099,20297,15390,18075
3010000	16939
3014750	15315,1335,5043,4479,18075,9563,29099,16722,27205,29224,27346
3031750	20456,13872,3219,14917,4479,18025,29099,8278,16939,12606,2683
3035250	28876,1335,29099,29330,849
3054250	26619,949,18772,20626,13872,24417,24669,22280,18075,27912,20979
3096750	25483
309750	15798,15365
3148500	4648,22113,2963,15315,24669,239,29099,19405,27791,20979,27737
3149000	23861,29099,9486
3168000	4258,12453,3565,8637,5169,23071,4479,13284,3082
317500	29099,1197,6988
3188000	23779,7059,6352,19539,27904,14573,29099,8628,28967,18075,16243
3211250	10014,24415,2963,12688,849,18024,20831,239,12352,27791,19891
3215500	25329,10250
3216500	2323,9392,11196,8637,12928,14509,27052,28453,1037,7186,18397
3226500	25260,25525,16540,2963,16754,8637,1335,14294,6211,27791,27179
3245250	740,23779,26843,6352,9111,20701,24075,11201,2868,29099,9716
3249250	16648,8257,140,8637,20311,19891,13020,24886,29099,27318,2373
3257000	12587,3651
3266750	11196,9111,13888,8637,13020,28641,7105,2683,11329,12736,29197
3282250	27638,29099
3288250	2963,8171,11688,16884,12754,24274,11330,19891,29099,2199,22915
3293750	11201,13784,18075,20979,12758
3295250	1335,12168,29099
3304500	3913,8637,22280,23928,8483,29099,12162,27205,27791,20979,27179
3310750	21838,11196,8637,15125,18960,22280,15019,10778,27791,18075,10908
3312500	3393,3958,3913,26711,29330,12068,24669,530,16323,17002,20979
3326250	16818,10193,29465,8637,14917,9792,13020,29099,27205,27638,12606
3335000	7105
3344750	16818,16540,3913,1335,18465,849,18960,16944,29099,27791,12606
3350250	2323,13624,14626,18730,14902,19643,8278,24704,1017,7827,10908
3363000	1700,1241,9030,1335,15315
3396250	16818,27019,18946,14415,19389,8637,25960,3219,19891,29099,5043
3404000	6352,9111,20701,15094,1335,29099,12162,22246,10778,27791,10014
341000	1713,15959,19610,26877,27199,7105,29099,20297,10778,18075,2683
3410000	2323,10778
3511000	9792,19651,2683
3520000	21684,21919,6352,10193,23783,1335,29330,10893,29099,22880,24878
3524750	29099,4808,4479,22094,7386,1539,4491
3549000	21684,22113,1335,23928,8637,3151,18290,22095,27791,25866,7105
3552000	7186,15485
3581250	13878,23779,14020,11196,23482,24669,22280,11864,18075,12606,2683
3588500	1224,3913,27251,8637,24669,12068,28270,28481,530,8689,12606
3590000	1213,16463,10325,20617,2963,4949,16939,19973,22946,29099,13430
3592750	15959,26972,8816,8637,2771,19539,1335,8704,19036,27791,1539
3625250	15959,11380,6352,18730,21788,530,11201,527,8278,3913,12606
3644250	1237,23861,24669,11201,9792,28481,22280,24627,239,29099,7737
3661500	9392,18990,1242,17038,11196,17581,24669,130,8278,6199,10014
3675000	4281,14265,12541,8637,3219,18024,29099,8278,20297,5043,2683
3684750	16463,15896,16754,4479,29377,29099,12606,3082
371250	20958,21110,6352,11196,8396,22715,11201,17061,27791,5681,12168
3723750	13307,21835,16647
3734250	6290
3742000	14020,1047,14482,11196,23656,7297,14917,28423,7071,16353,12606
3751500	23851,12541,9792,9472,12688,6903,7409,29099,12162,6951,25483
3781500	26614,949,17629,18641,12285,18024,8483,14596,27205,9799,29078
3787750	2610
3795000	2683
3799500	23779,11263,21768,24669,12068,8637,22280,1335,3174,5736
380000	11330,7479
382250	26299,18145,15315
38250	18730,1335,13872,18465,6477,24693,29330,19973,29099,15390,20979
3846250	9906,19394,8637,18465,29330,15584,20393,15390,27791,25427,10014
3849750	28481,9549
3861500	18805,21941,527,2963,9472,23102,29442,28481,22280,29099,12168
3895750	12475,9472,23861,13554,29099,22880,5683
3903500	3913,5185,8637,29330,12541,15514
3913250	8257,21865,3913,25960,8637,849,12285,14294,29330,27328,934
393250	24415,8637,19394,4949,10082,7479,28985,28641,849,24449,17133
3952000	7105
3954500	21838,2326,14942,20256,13471,15584,24083,27791,10908,29231
3963750	23779,1335,19394,23861,3174,18024,21925,22280,20297,7740,10908
39750	1335,12942,16376,21771,28466
3977750	18805,11196,1335,21869,4479,26829,22280,12606,29099,14073,2683
3981750	2963,5185,9472,3686,16177,4578,18075
4004500	8637,18075,29330,19973,29099,8278,5136,28535,27723,25669,2683
4025000	14821,22280,15089,26280
4035250	22633,21684,3913,24669,7479,7850,12230,7230,5048,27791,12606
4037500	8257,15390,24352,28463,14991,18290,29099,6148,14261,13054,10014
4047000	7812,20154,8637,24517,14917,18712,17759,9472,12052,12159,684
405000	10778,11167,15661,1135
4054000	21952,6062,949,27912,1266,7479,22280,25596,23628,28124,9620
4059500	3761,18172,16463,17609,18805,23698,19335,21684,14451,11080,18075
4063000	8257,18730,8637,24792,21684,12068,5856,19974,23556,18912,2683
4073250	18805,11196,8637,3503,24012,8816,13471,9396,10778,16540,2683
4102750	26843,5185,19379,13020,29099,2803,20297
4115500	8257,9111,6828,28481,3658,12541,16540,16154,12606
4118250	21981,14960,14821,19379,6571,239,29099,22880,20661,21581,13050
4133750	18465,23928,2610,9919,10702,13873,23861,22583,25596,16177,3983
4153000	9273,15315,18730,1335,18075,3219,12068,8278,20297,25366,7827
415500	11524,4307,5639,9525,18678,12068,4571,29048,4578,6352,25669
417250	25260,8171,21838,8637,953,23861,29330,29099,10778,27791,14261
4184250	11018,1335,13872,19277,23928,12068,29154,15138,3534,29099,20979
418500	23223
4186500	19955,4177,3445,9525,26714,12068,1242,29099,6742,27544,3082
4193750	23779,5638,21657,23782,7479,11211,25596,8628,1031,18075,16140
4195500	17959,25483,11196,8637,21110,849,12068,28481,8278,27791,12606
42000	18730,27514,178,4331,21565,22749,7105,25820,3190,16154,2683
4215750	21085
4256000	16331,8628,26585,2963,9111,23861,10176,16939,7105,7812,21146
4256500	20701,29078,7479,6147,14261,21372,22893,2179,21071,10247,16085
4257000	21684,22280,2683
4259500	21684,12541,8637,28378,19135,28481,29099,8278,14261,12606,2683
4304250	26595,21865,8637,14902,19379,3219,29203,29099,14265,18075,24892
4317250	1739,11176,9525,18868,8630,9792,17748,239,23628,6203,12606
434750	23779,3809,2963,2306,18024,28985,20551,29099,27602,16154,25669
4370750	21865,5185,12168,20831,22749,12159,29099,27625,13260,25669,10014
4376250	949,8637,3219,849,4479,18024,4992,23628,14261,20979,10014
4378500	23781,21844,23698,9522,1335,24553,22280,7922,9301,20979,10014
439000	8628,9472,3219,6113,18024,22280,29099,18388,27179,7827,2683
4392000	12068,8637,953,15032,16647,4479,4808,25717,29099,10364,24736
4399750	22633,29203,9111,4331,17945,29099,18063,27205,26716,20979
4421250	11082,14648
4423500	9111,24193,28463,16243
4447000	23861,29099
4454500	5185,8637,1791,28481,18024,178,20297,27791,18075,24764,2683
4475750	8637,18712,6113,4479,9472,5856,239,29099,20297,27205,27791
448250	15125
4501000	8628,1335,19722,28662,12435,22280,21079,20393,20471,10933
4503500	27257,6571,11196,23669,20256,4479,7479,25830,29099,5043,8965
452750	2963,9273,29099,18730,1335,13872,23698,8637,18024,12541,20297
4533750	27927,17109,6985,4427,849,4479,22280,29099,16300,20284,18075
4557250	20317,11196,1335,16865,3181,29099,13284,528,19828,22887,16243
4606000	16794,1335,4479,7479,29099,28675
4625750	3913,12758,23783,11196,1335,12754,24553,527,29099,15814,24764
4631250	17024,19252,20896,5831,1335,8396,14784,11201,29099,12162,15390
4658500	21110,21865,15315,1335,13765,20256,11354,8637,29099,27791,18075
4680000	16463,6352,16865,15856,15019,10778,18075
47000	2605,25366,7963,11531,18024,21706,28481,26034,15655,27791,6539
4712250	16540,20902,27791,1335,13557,23861,14319,29099,17891,25570,14261
4716750	2963,1335,21844,4762,25596,28653,25820,9549,25570,12606,10014
472000	11201,21565,23584,6211,16939
4770500	6352,26619,18730,18465,19702,11201,29099,19252,27791,14261,12606
4804500	25488,11201,19430,3958,17642
4809000	12068,10908,2995,17781,11201,29099,12162,15019,20679,28323,26420
4809750	7002,20154,23884,970,17402,11196,18712,10778,10014,6199,13103
4844000	11196,8637,24517,29330,12435,15138,29099,16722,4220,9486,6621
4850000	2669,949,3575,14917,27369,21085,8278,1499,24844,22887,12610
4852000	10879,12541,3761,29330,22583,4479,23267,239,29099,12606,6740
4852500	15125,26619,12759,9111,15854,9472,527,7105,18075,1392,12606
4853750	12688,5856,23340
4876750	13206,11378,2963,15624,16354,527,29099,27639,18075,24892,15584
4880250	24177,26614,13872,24012,4479,23549,14573,12352,14265,11483,2683
4886500	28409,26789,22113,29099,949,1335,23698,11201,28481,18080,12541
4895250	15125,1335,12068,5660,13258,19891,29099,21067,1031,7868
4902250	2323,24417,19885,14661,849,22583,7479,18024,13471,14596,28975
4907500	26794,8637,8396,29330,4479,28481,26006,7997,29099,4039,15390
4921000	9912,18443,12162,4578,22280,19974,4039,20297,27179,20979,8483
4922750	1708,20846,18712,22864,18013,9472,26829,16722,2669,18075,2683
4956000	21838,13284,15534,27514,7741,7105,23223,25366,16154,24427,10014
4963500	1335,29099,18730,16939
4967250	20536,4262,23669,29202,4479,29203,527,23628,21372,17145,29078
4994000	3913,15315,5237,28481,15019,9072,27791
5011500	2323,16818,8257,3913,5470,26789,27390,7479,14573,29099,8783
5012750	8738,18946,3719,23928,29330,7613,19955,21925,29099,3068,5053
5024500	10532,9273,16540,29099,23861,18200,18024,7230,4578,27791,18075
5027500	1498,29065
5034000	3913
5037000	24193,24385,11196,10702,27448,22280,29099,10014,14261,12606,2683
5052000	16463,5185,15032,12068,1335,8483,7105,27638,20297,27791,16140
5059000	13307,12754,23669,23774,10232,28481,22280,26114,7827,20979,27179
5061750	19335,26737,23222,4578,18157,20979
5068750	26789,13080,29203,24880,1539,29099,20661,2683,25246,12606,20419
5078750	18465,14942,1335,12754,23698,12285,28481,527,29099,16540,23071
5108000	8257,155,15734,18465,29330,12162,20297,19405,25366,20979,10014
5110750	18730,9111,28401,23861,18712,7105,29099,27205,29078,22887,16140
5121750	27898,16884,26306,24178,14533,11201,8922,6203
5139250	3553,7479,8637,21911,12435,1731,18024,23826,4039,26614,12606
5143250	21996,5856,24196,11196,16952,29330,7479,28481,28641,7105,12606
5155750	1427,2963,949,18465,20846,23480,25669,12358,29099,20393,25427
5170500	8171,27791,15315,11196,1335,10702,22583,29099,27205,7381,14261
5187750	2683
5199750	9936
5220750	20536,10778
5226250	1539,8637,14182,29330,21706,18024,7409,20979,25618,6129,9302
5238000	20958,11196,22280,14902,18712,527,27637,1031,10908,12606,23157
5239500	9906,1237,22355,23861,18712,27670,26829,15636,29099,10778,2683
5254500	19255,11196,1335,13872,28246,22280,29099,19974,27205,24878,2683
5256500	18730,949,12688,16939,11201,9472,1119,27179,3314,16243
5261000	6571,11196,9111,20701,7479,29099,26160,28201,28419,12606,10014
5264500	4479,13873,4172,29099,7105
5279750	9472,14902,2608,14917,27199,22280,7105,29099,13020,10778,20979
528250	4281,2963,11022,10702,18180,849,12159,12977,21146,18075,10014
5287000	13752,21912,6895,11562,13224,2683
5292000	11080,3627,29099,19974
5293250	11679,15860,23861,12085,2249,29099,20297,29437,20506,8261,7186
5320000	6167,7186
5336750	9273,3913,3745,17491,15032,23698,12285,12541,20297,18075,13103
5354000	27791,4053,1335,27508,21925,8637,18024,14573,16628,9165,3575
5407750	17959,6352,17767,23506,25086,5315,11201,849,29099,8278,15019
5438000	527,3888,11176
5440500	3913,18730,2963,11196,1335,4822,18712,19197,29099,1031,4220
5440750	14853,2963,20701,14533,27052,19862,16243
5491500	9273,6571,2963,1335,16939,15032,22280,14209,29099,21071,2683
5522250	14020,27791,3228,28616,14917,1533,29099,4039,9959,25366,18075
5539250	3913,8637,16047,13872,29375,18024,28481,17389,27427,27791,21015
5642000	21865,28622,1335,12754,12285,22749,3181,2683,18075,22887,27179
5654000	2610,10999,11196,23774,24669,7479,18024,29099,27205,27791,20979
5655250	23779,9273,2963,6391,4949,7868,12068,18024,27791,23622,2683
567250	14020,6352,11196,22482,11201,11730,7105,27791,9147,7186,13297
5693000	20639,18730,7997,6391,19207,4479,7479,12435,24898,29099,23223
5697750	2212,21110,8860,4676,3458,16939,7105,29099,25240,1037,10014
5726500	3393,9111,13872,18465,23928,7479,28481,5523,29099,27205,20979
5735000	1335,7963,28481,29099,13430,16722,29352
5742000	2323,23779,26614,24669,28481,12055,29099,12162,27965,7827,16306
5751500	9273,23783,1335,20846,29330,16116,527,29099,24869,15390,2683
5754500	9340,18730,25960,1335,8278,8816,28481,12162,10778,27791,12606
5769750	28409,26619,20701,19974,17032,22973,4440,16116,1481,13765,12606
5780000	13784,18730,11196,1335,18075,18712,4479,17389,29099,25570,2683
5828250	4808,9031
5846250	24385
5847500	2963,8996,18180,24669,16939,28463,7409,29099,23223,27791,10247
5865750	9906,18805,29099,1335,12754,14795,4479,9472,12541,20297,6175
5898500	7105
5899750	12541,12453,25146,14917,15218,24281,12220,29099,3647,18333,20979
5901250	22024,527
5906250	27791,13784,23698,1778,18712,25366,14153,20979,16243
5910250	14784,28246,15307,4427,4479,17024,24886,29099,23284,14261,12606
5911250	4220,22113,29099,15315
5915250	1335,17032,6147
5948500	21471,15105,16395
5952250	22442,2963,6988,29442,5359,22583,4039,14579,18075,25669,13103
5957500	9906,11196,14265,23083,17133,2683
5959000	3809,4078,1335,11076,23861,3627,6203,4039,27791,14153,934
5962750	6571,3913,23861,3032,12068,29330,7105,18075,8261,20412,16140
5968250	8257,13380,12758,24515,16406,10449,29099,24869,26516,10778
5987000	22732,20979
599750	12541,12285,24669,11524,12159,28481,9657,29099,20297,27205,10193
5999000	6352,10608,5081,17855,24942,14261,27304,19891,18443,10778,10908
6014750	1700,25386
6015000	7822,23207,11748,8573,18465,9899,28876,28481,8278,684,26392
6061250	11524,29099,12453,22556,3219,849,4479,18741,27638,18075,2683
6067750	18024,22113
6099250	9906,14486,6830,8637,27912,11823,15032,10778,16154,12606,2683
6126750	16818,29473,25169,21838,8637,13377,26654,8278,19036,15019
6150750	542,22093,18024,527,29152,29099,20297,25483,10479,10247,10014
6155250	3913,10097,4059,2683,28481,29330,27638,10778,16540,5043,2513
6172000	24704,10702,12754,7812
620500	8171,18730,15315,11196,1335,29330,28463,29099,27791,4220,10014
6233750	23779,28453,2963,23782,18180,7479,20979,4578,19005,27791,12606
6234000	21909,16794,17020,1335,19837,29099,21372,15019,27346,18075,10014
6250250	22131,10778,7850,3219
6257000	20470,8637,23861,29330,9111,29099,8278,10778,16540,1392,10014
6264750	9111,9109,27346
6266000	5001,17011,8637,9131,15302,18024,2729,18292,23439,27791,7186
6272000	1700,1015,21043,8637,9525,24944,12068,8278,28494,20297,18075
6299000	4281,8637,25086,11076,9522,3370,22280,25830,18712,25366,27179
6301250	1237,3913,1335,28182,19379,24669,7613,25917,28481,12541,20470
6334000	16818,16939,11196,20701,9301,13020,29099,12977,17929,14261,10908
6354500	11201
6358500	22983,3913,8637,25570,7061,29099,25789,2254,18075,8261,27179
6380000	21684,11404,25193,1335,8392,1107,26546,13020,9567,27118,5136
64000	14265,2266,24601,27179
6400000	3228,10999,1335,11060,4479,22280,29099,4039,16564,27791,2683
6412250	17453,10308,15159,17109,22853,18589,7963,28481,13754,18587,11857
6412750	5014,5437,2963,5185,8637,27670,12068,22946,18296,15315,29099
6433000	13754,21684,1042,18465,2173,20297,27791,18075,27179
6458000	5421,23516
6458250	18690,13584,18730,9111,12489,4479,24553,22280,7409,15835,10014
6458500	9912,1217,7479,18879,13872,9943,5532
6497000	6352,29099,12453,18233,7150,11201,24627,15315,7173,17550,18075
650750	8637,5221,8278,18202,29078,6203,1598
6515500	2504,4336,12747,23251,17260,28481,3534,29099,10778,25366,27946
6523250	6124,2092
65500	21865,3913,8637,18544,27390,2452,239,12541,18443,20393,14261
6564500	11176,18730,14942,1335,5856,28463,28481,19574,4238,20297,2683
6571000	9192
6571750	28481,16540,26392
6572500	6435,27251,14048,24830,19973,28463,7233,29099,19405,27791,22843
6619500	11018,11196,1731,29330,18024,6951,10480,21067,18075,13054,2683
6654750	2683
6683750	25483,1771,29099,8637,23861,18712,29203,18024,12431,29388,2683
6694750	9472,13872,12489,21925,22280,7409,29099,5053,25570,14261,2683
6700250	3393,16463,18075,23861,4479,12285,2358,4595,17643,25372,18024
6713250	20536,527,15315,9472,12754,29330,22280,20297,16540,4220,2683
6751750	10193,9109,5856,7105,18275,3068
6754250	15315,20701,4479,7479,29099,16243
6766250	3393,8637,23861,3627,5660,7105,10480,20297,27791,3651,29330
6780500	19394,18730,10645,12052,19197,16406,14573,29099,1672
6807250	9273,4281,4949,8278,22947,22280,16944,27155,23223,22749,2683
6848000	21516,1335,23774,1135,10948,9472,12977,10778,27791,20979,2683
6848750	7096,16648,3228,23134,27625,9377,7850,16944,29330,11624,12977
6849750	11211,11196,3575,13872,19974,22583,11201,21925,22280,29099,8278
6852750	5201,13757,7208,12754,16939,11201,9031,10480,16140,18075,22709
6872750	7479,14821,19973,15820,24887,18443,29099,7822,17642,24434,18379
6874250	8171,953,29330,17214,7479,22749,29099,19974,2683,13872,27179
6897000	15315,18544,23861,11623,22732,13238,7626,18741,10570,7868
6900500	6805
6904000	18805,10193,2963,23779,9472,16154,4479,1335,6565,27791,821
691500	25260,8257,18465,8637,12884,12489,24942,23861,27205,22880,15390
69500	18741,18730,1335,26716,4479,7866,18024,29099,10778,5043,28790
6957500	27448
6977000	26,10478
6996000	6352
6998500	2323,3913,1107,21565,29146,29099,14596,27019,1031,26485,2669
7002750	22136
7003500	4220,23928,11196
7016500	949,9111,16406,8637,28481,16944,1917,29099,24704,18075,28791
7034000	8637,19135,23861,18712,4479,5856,22280,29099,12162,15019,27791
7103000	2967,18465,849,26422,16944,28641,10038,29099,5136,18075,1392
711500	17118
7116750	27637
71250	10778
7143250	18730,8637,23861,7479,28481,22280,13258,29099,8278,10778,24878
7149500	20317,12884,3627,5620,11201,16569,19891,18829,22880,28593,22928
7163250	22113,29099,2764,28410,7105,19702,14265,27791,14261,12606,9392
7190750	2967,21739,14526,17016,29330,28481,29099,12352,27791,18075,1539
7211250	8257,18937,15315,18990,23656,14509,22973,4479,29099,23685,2683
7218000	5410,23783,8637,3913,4479,16944,29099,22880,27328,12606,27179
725000	20902,11196,8637,20701,3219,12620,25596,28993,3913,17835,12606
7269250	11519,29099,1335,16154,8637,18024,18080,28653,1908,28975,22179
7269750	26636,2613,11196,13673,25960,1197,14261,22538,23223,4581,21140
7286500	8277,14209
7306250	1771,8055,1335,19651,6203,11857,2683
731750	3393,27791,6352,8637,18465,24669,23584,9195,17940,16540,12606
7320250	13872,28481,27390,4427,21706,6152,29099,3190,16154
7323750	4479,24177,11196,11201,17153,5876,29099,8278,23779,27791,12606
7361250	25260,3393,3913,11196,12754,29330,11461,11823,23223,22915,6621
7367000	6352,11196,4949,7997,12159,19702,8278,22880,27791,25570,7105
7375000	12517,24517,18465,12656,11201,13198,24334,22880,18273,6706
7405250	7479,15814,239
7435500	8171,16463,11196,1133,10702,19539,18024,22280,28685,4510,27179
7445000	16463,15315,6988,26614,23928,11201,15032,16361,27791,25570
7450000	8171,29203,25971,9111,15686,11734,23340,29099,20297,18075,9220
745750	7922,3228,15315,8637,23861,22732,24869,19702,4578,18075,1539
746000	6988,24669,7613,4479,7479,18024,29330,12162,16722,10778,10014
747500	28993,26956,20256,27978,8241,1392
7476250	25260,2613,8637,10644,23861,27390,13258,29099,20393,3809,13050
7483500	23019,9301
7494250	10526,11383,23783,8637,13872,11201,8683,21925,19891,29099,28975
7513250	4648,13592,3774,8637,14015,25770,22880,16540,27961,23071,2683
7545250	14020,14856,28570,849,7367,27390,29099,9165,6014,8724,2683
7568250	14422,1065,23783
7568750	25960
7588000	7105
7600250	1731,20626,2033
764000	18990,9916,12033,10702,15081,15686,4479,29099,2254,26031,23157
764750	23779,8637,1335,18024,7479,28481,27052,12162,25618,1392,20979
7657250	23669,8637,14902,21665,20694,23861,19197,29099,24869,13388,13103
7687500	6352,15315,1335,18465,849,11201,28463,29099,22113,5681,2683
7699500	8257,6571,4281,9525,22280,3627,4479,7963,13020,29099,18075
7703750	1700,9273,9472,554,23861,849,12068,24601,29099,8278,7975
7715000	27961,5185
776750	23549,24385,11196,8637,18465,23861,18712,11201,28481,29099,27179
7787500	6820,14174,18990,24073,25214,16116,347,11802,20565,8724
7797000	21110,11196,1335,4822,19941,4718,14120,10893,29099,8278,28975
7810250	1335,5876,29330
7830250	2440,6571,18075,5310,16939,5660,29099,7542,12734,14261,10829
7854500	12068,13784,1335,11201,15478,22280,6147,29099,2685,27179,10014
7860250	10466,26718,17254,29099
7886000	9472,5962,6880
7892000	2421,29389,25366,911,2683
7893250	3428,25336,23861,29078,7980,26027,29099,17405,13103,19828,27179
7898750	5950,26894,16672,4479,239,29099,20979
791500	7105,8738,23492
7921500	3228,29099
7927750	1004,3228,11196,27179,23861,27437,29099,27791,9494,7780,255
7976750	18312,25483,3228,2578,10893,27906,22583,1335,24591,29099,15390
799000	27918,6352,11196,1335,12068,3151,29099,2386,23990,17254,2683
8017000	25260,8637,19051,10778,7409,12717,29099,20661,10247,7186,28411
8033500	8375,29099,2471,24944,12435,22280,19702,19974,2683,7186,5053
8051750	19837,14498,29099,23223
805750	4743,8637,13872,14328,18290
8060000	25840,12541,21770,9472,19882,16939,18024,19891,29099,1913,25366
8070000	4262,6571,9333,1335,23928,9522,20411,29197,25618,14153
8072250	21865,4307,1335,23143,23928,29330,17153,27205,3913,5043,20979
8096750	15390,3913,28481,7105,20297,22077
8100250	21783,5980,18273,12606,17006
8102000	21110,10702,530,19974,8457,22280,20979,28642,3313,7737,4220
8111500	22846,14917,16406,18024,28641,24886,6880,8278,27791,12606,11864
8123500	20536,21684,15924,11201,28463,16272,21493
8129250	26619,26614,27033,1481,28641,29099,4238,20661,21071,25694,7432
8145500	29541,24394,8637,15713,21727,7479,26920,17094,27155,29389,21217
8149250	15959,16463,24032,13787,9567,23698,26111,20279,20297,27791,4220
8156500	25960,610,29330,18960,22280,7061,24869,27638,20470,9899,7105
8160750	11168,15032,17356,29330,7479,22388,29099,12842,1313,26485,19828
8163500	28362,21996,26794,8637,12068,5856,29099,20297,16140,5558,5053
8170750	1966
8172250	2963,28182,6384,29099,9051,12184
8195000	8865,15315,25386,9111,12754,11010,12285,27618,7542,16540,15798
8215250	11329,24177,3559,22583,12068,11127,2685,12184
8216500	5592,23781,20253,3016,18712,29099,28169,20297,15390,12606,10014
8216750	9340,9273,25366,18024,29330,24816,19314,14065,29099,13020,10928
82250	24088,15401,8815,17389,28954,9192,12606
8230750	21684,1771,24196,28169,23861,23928,11524,28463,28641,239,1598
8243500	10702,16463,18075,11776
8248750	10586
8271000	5470,8637,24532,4421,7850,239,29099,4039,10014,12606,27179
8280500	13971,18805,28409,4307,16674,25960,20317,19197,27205,27791,16140
8314250	29099,1335,18024,14780,7963,28463,23403,12541,4039,8775,25345
832250	5001,21865,6326,8637,14917,24669,23928,7479,27390,27791,2683
8324500	6571,3168,11196,8637,24669,12068,11079,7409,29099,9799,27791
83250	215,15315,8637,12754,23861,4479,12285,29099,9165,20979,2683
8327250	1335,22371,27179
8346250	19128,23735,10183,28270,12285,11211,19564,12606,28201,360,3046
835000	8257,29099,18730,8637,8631,18960,6147,12541,8278,27791,12606
8353250	3438,21877,9152,1335,12754,12068,10893,22749,29099,27205,2683
8385000	11196,8637,16644,7479,28641,19702,11578,20661,27791,12606,10014
8430000	949,554,24669,9192,27328,20979,24570
8435250	21838,13745,5470,16754,10999,8637,16939,7479,29099,10778,21071
847750	21865,28280,28570,18180,14917,4479,25386,239,29099,22880,7583
848500	8637,16818,9620,7409
8508750	24878
8523250	8257,1731,9525,12754,29330,4479,22280,25500,2683
8528750	8816,15159,19394,12285,28481,7105,9024,20979
8529750	2963,6931,1335,15091,16939,16406,4621,5856,527,4238,27791
8573000	2323,4088,14470,24669,29099,12162,11528
861250	24674,6299,23861,29330,10373,28481,6147,25908,29099,3314
861750	14626,9275,2963,23841,20256,13909,4806,25488,6203,16540,24434
8617500	5330,3377,11196,15094,18180,10969,12285,17389,11843,9899,12606
8628250	25917
8633500	21919,5833,24258,5856,28410,12977,15390,24415
8649250	9133,26757,6571,23628,953,23928,18024,14498,7105,6880,10014
8701250	15089,3586,28270,23776,26346,25822,10778
8702500	12068,24415,8637,12754,27390,29202,7479,21925,7105,12189,22405
8730250	28876,9912,3913,12758,12068,24886,530,1119,10778
8745250	7706,23223,5184,4327
8757750	15125,17024,8637,28481,23928,3219,8816,18024,23861,8680,28945
8792750	8637,10778,16979,821,2683
8799750	21865,15315,15032,23480,1335,18882,29099,10778,18075,17133,2683
8822250	1335,9525,849,16177,10702,4578,16722,16540
8845250	2963,5015,15315,1335,13872,23698,23928,7105,12352,27638,3534
8861500	27791,8628,5015,19856,4510,9048,18296,7105,13284,10908,20979
8869250	2683
887500	21684,7812,22342,29330,23262,29099,22880,10778,16243,18075,2683
887750	21684,24385,1335,15921,2729,12068,29330,17664,27791,12606,27179
8909750	25366,11176,12754,22280,29099,27205,2374,20297,2179,20803,20979
8910750	21838,4281,22094,27927,27514,29330,4479,24907,29099,14265,10778
892500	15536,21684,23896,9472,14942,6101,22280,239,17180,25240,29389
8940500	5896,16884,11196,15478,29330,23928,29203,28481,7105,29099,18075
8949750	13754,10403,1335,20950,6104,7364,1822,26737,7997,6548,2683
8997500	8278
9015000	585,29099,1310,2209,21925,29529,23017,10778,9914
9035750	19702,8637,14917,24669,4479,5856,18290,29099,8278,24878,2683
9039750	29032,11196,1335,20626,24417,7260,23928,22732,21094,7105,27791
9044750	5627,22880,9192,27390
9055750	11201
9069000	17328,6571,155,8637,4479,11864,29099,12162,10480,18075,20979
9076750	8637,18575
9079500	11201,16540,17020,4479,18024,17389,16944,22880,27791,8271,12610
9103250	676,9273,28641,21878
9121750	1704,17389,8637,10702,27448,3651,29529,22280,27791,1392,12606
9123500	12541,18730,7479,12285,28481,13258,29099,1293,10778,10014,16243
9163000	25260,22547,12068,14596,18024,5660,19891,10616,17405,15390,14261
9173750	24172,5184,1335,22280,23774,28463,19258,28481,4762,239,29099
9179500	11196,1335,3828,22280,7105,29099,29375,932,10778,17835,1539
9199500	18957,14525,26614,849,24012,22390,27638,6242,15390,9301,13054
9212500	8816,4154,12606
9215000	6571,16103,12573,23134,6477,29330,16104,6887,27791,10247,28659
9278500	13830,15315,9354,1335,24063,29330,28463,22280,11864,12486,19828
9288000	24886,8637,19394,16177,12541,8278,11328,16540,10778,6621
9351750	2323,4281,18185,25086,16011,15831,24907,22094,28975,15390,25570
9352750	25193,2771,14902,18880,14533,11201,28759,12606,17407,4464,7186
9394250	14661,17060,24669,29099,2683
9394500	8637,12688,23928,4479,1335,7105,29099,4238,27205,25366,12033
9437500	8637,17606,5081,1962,22280,18443,24771,10778,16540,24598,12606
9438000	11082,23134,22651
9488750	17356,1829,24385,12758,970,11196,14573,29099,12162,1080,11931
9512750	554,1335,11679,28945,15032,9792,20950,8603,10778,29269,12606
9513250	2963,12758,23928,554,3219,16939,18741,7230,16243,18075,10014
9586500	17032,29099,8637,9525,18180,9834,20367,12541,25618,1392,24427
9592500	18271
9628250	20536,11018,24669,10192,10778,805
9651250	12731,18868,16540,5639,6211
965500	22136,26894,15032,23669,23928,8816,29099,4039,20470,2683,6621
9671750	17959,15390,3913,23552,1427,23896,15251,29330,24487,25366,20979
9685000	9907,17032,2963,1335,26546,13020,5876,29099,20470,9620,19405
9694750	28409
969750	6435,1335,22556,849,12068,22280,7409,22040,18075,14261,17402
9706000	20297,9612,849
9716500	3887,8166,7560,5764,4411,27390,16716,20661,25483,14261,19891
9720000	4177,28622,29442,14328,18960,4479,7866,14573,6147,29099,13872
9782000	16818,17588,14902,9834,5856,527,28791,8278,24704,18075,20979
9782500	18741
9794000	25960,9111,12394,28945,4949,28183,13326,12162,9948,14261,14942
980000	13754,8628,2683
9802000	22280,15315,29099
9807250	21838,11196,9111,23928,7479,16952,12541,18905,10778,23157,10014
981000	23861,3627
9811750	8637,26485
9839750	18167,17452,13872,17356,17835,11201,29099,8261
9842500	1237,3228,12576,23656,20300,16939,20696,19941,924,9486,10014
984500	9906,4262,9273,8637,23861,3958,29099,27092,22416,27205,12610
9906500	18725,21838,7922,12453,22490,23698,22280,15988,27602,12606,10014
9946250	12754
9972250	9340,8637,15478,7105
9973000	8219,21996,2699,28876,20265,10463,6880,26171
9979000	8628,11196,28463,16653,3219,29330,18024,22280,7105,29099,2683
9982500	16009,6352,12606,20800
