10052000	8257,26619,8637,18465,28481,29099,1293,27638,27791,16154,24385
10063000	22393
10064500	8637,10778,19702,11196
10069500	4307,1335,18465,7479,18024,25596,12541,27638,20297,23622,12606
10095000	18805,7850,11211,7105,15835,20775
10224750	15019,8278,18075,11196
10229250	11201,27179
10234000	14902,8637,23698,27390,22583,4479,1335,849,29099,27514,12033
10261750	8257,8637,849,12068,9472,18024,19891,29099,27638,16154,18290
10302500	14020,13592,12754,8257,18024,13258,24886,29099,12162,27791,18075
10309250	29099,12606
10322250	9906,5950,3913,4294,12358,29099,10702,10778,14248
10393750	14573,5403,2963,5721,24669,4479,7479,22280,12541,12125,3046
10443000	22609,849,7479,13258,19197,1392,20979,2683
10492250	8278,29099,2669
10521000	13258
10533750	7105,29099
10539250	20979
10566000	5856,22749
10578000	8637
10588000	10893,23861,849,29099,2513
10598500	8628,11196,22280,21835,3219,23928,527,17287,26493,10778,10014
10609250	12606
10628500	9472,23861,849,23928,8637,239,29099,20297,27514,20979,2683
1063000	9906,6571,12888,13784,12285,23861,8816,22749,29099,18075,27179
10642000	1335,12754,4479,28481,27205,3068,2683
10653250	11176,8637,554,23928,5315,13716,23861,12189,29099,4578,12606
10696000	18730,2963,2329,11201,18296,29099,8278,13050,27791,10908,22887
10713250	849,23783
10715500	1335
1074750	11196,15032,23861,849,9111,18024,22280,10778,27791,14261,10014
10756500	27791,1335,22280,19539,23861,10373,14209,29099,10778,15390,953
10773000	6352,26619,28662,14902,7479,12541,8278,25240,10908,12606,28622
10818500	11201,569,13020,14525,29099
1086750	28409,24385,12886,18075,19828,2683
10885750	18496,26078,6656,19394,22280,27791,18075,12606
10966250	23554,11176,11196,1335,23549,12285,28481,22280,29099,932,12977
10976250	2683,8278
11032250	10778,2273
1104500	18805
1110750	14593
11111500	16952,17389,20230
11121500	7150
11131750	4479,13020
11137750	27205
11142000	1335,9525,28494,6203
11158000	22880
1118250	4479,8637,13872,18465,849,12068,22280,239,29099,12162,3651
11225500	5950,23845,23783,1335,9525,778,7479,19891,14451,28975,18075
11283500	12541
11307500	28409,23861,29099,19974
11313000	23779,14020,1704,27505,9916,8637,8278,29099,646,27791,12606
11340250	18024
11362000	1335,20297,11329,4220,12541
11391250	9090
1140750	19135,20256,23861,11201,19974,12352,20297,27791,18075,953,360
11440500	4491,11196,1335,22280,7105,29099,8278,10014,28201,12606,3534
1148000	849
11494250	11201,12068,24415
11527500	9792,5851,23928
11552750	7230
11579750	6734
11590500	20979
11612500	26210,14020,1335,24669,25669,12728,27328,18075,9046,8976,3176
11616250	7179,9549
11625250	29330,24075,11201,29099,19974,23223
1165500	8637,13086
11687000	8637
11701500	20297
11730000	16818,11080,11196,1335,12068,12688,19891,29099,27791,25669,2683
11734000	25976,1849,18730,2963,13872,28969,4992,29099,3536,16540,26619
1173500	29477,18730,11196,23861,18712,1196,14930,15896,12541,8278,23143
11761750	8637,15032,6152,8483,2963
11772000	18292
1181250	23779
1189000	8637,19095,23928,849,22583,22280,3627,29099,24869,18075,5053
11896000	12541,9472,14902,3219,16939,7105,29099,4039,2683,5043,10014
11939000	12907,1031
11947000	3913,23928,9522,12285,530,20470,10014
1194750	20536,10325,18730,2963,12688,29330,11201,12453,29099,4479,2683
11949750	11201,14902
11957000	23907,26614,23861,29099,23223,9799
11972750	11018,2963,11196,1335,12754,4571,18024,22280,24907,16540,18075
12004000	25260,22446,8637,14902,23861,29330,22280,6147,12606,7186,10014
12008000	16818,21684,25324,1335,23861,8816,7105,29099,27056,4578,8724
12015000	29261
12016750	23779,6352,25960,8637,554,29099,12162,26728,27205,5043,18289
12028500	16540,27888,8637,12754,663,23861,15218,15032,18024,29099,27791
12154500	24978,25960,8637,23928,13124,11079,20412
12173500	6571,21561,26568,4220,22556,18075,29099,9469,20297,21288,25372
12231250	23861
12239250	3913,2963,22280,7105,10014,17136
12275500	18730,27396,16568,18712,16500,22280,13020,29099,24869,16243,1507
12331000	14486,6571,16884,2963,5185,10646,11196,690,27893,6729,9620
12371000	20617,2963,18946,9111,29330,18730,22280,11612,29099,24869,20412
12377250	953,24427
12384250	28535,3828,2683
12417500	29472,29099,2963,554,23928,9792,7105,12541,27205,25618,2683
1244250	15390,3913,22280,17214,28481,527,29099,24771,20297,27179,934
1247000	5950,2963,18145,13872,25917,5856,22280,29099,10014,5043,2683
1319000	6571,18075
1324500	9894,27791,18200,4479,527,22887,29099,12162,22246,9985,12606
1338750	4262,22280,23157
1381000	6352
145750	11196
1517000	11063,8278,12656,530
1530250	29099
1531250	22442,14533
154500	25366,1335,23861,27035,28481,7105,29099,27205,15019,18072,10014
1579250	9906,12285,7479,8637,18180,29330,23861,1335,5856,8483,29099
1617250	18805,8171,8637,13872,11196,24942,29330,28481,3627,4578,19828
1620500	7105,25960
1622500	8637,27390,1392,28481,18025,19564,15019,29389,14261,20979,10014
1629250	29099
1661750	25366,13872,11201,29099,4578,27791,2683
1688750	17958,11196,23928,18024,21865,19891,29099,2683,25669,7186,4960
1710500	23465,20896
1724000	22638,25669
1758250	5192,14091,1335,9525,2764,4479,29099,27791
1767500	8530
1782250	9111,14902,14261,2683
1792000	9301
1806750	10702,14788,24385,14153
1815750	8637,16540
1855750	27179
1904750	2683
1906000	27791,29099,2963,11196,24517,7176,22280,19702,11080,18075,11857
1909250	4281,13784,6988,1335,20256,18960,7045,22280,29099,15390,27795
1934750	29099
19500	21684,6571,11196,1335,19135,18024,7105,19974,4846,27791,18075
1953250	6820,6571,8860,11196,24196,17921,29099,28675,27791,25570,7868
1969000	8171,13795,18730,2963,25960,28267,23861,11201,4578,27791,29231
1971500	11196,9472,18465,8637,28481,29099,8278,4578,25366,28201,10014
2033500	13754,16463,18990,18730,25960,1335,5185,18180,29099,23223,14261
2050000	15315,13672,11244,7616,3627,29203,18635,14573,29099,20297,5043
2078000	25260,3393,15315,9111,18180,4571,13020,29099,12076,4762,22240
2088000	29473,8637,14470,849,12068,9472,28481,20979,8648,1335,13494
2103250	21684,6988,1335,11201,8637,7997,12688,20297,27791,25570,27179
2138750	29099
2182750	16818,3393,7432,8637,9525,14917,22280,29231,29099,8261,12606
2198750	8637
2200750	25260,10014,7230,13592,8637,953,27033,29099,15390,18075,2683
2232500	20536,21684,3228,1335,13909,19207,4479,22280,29099,19974,10829
2251750	9472,25531,29099
2253250	16154,527,3913,2683
2316250	18805,2710,6352,15032,23861,16952,4307,19891,20297,8628,3046
2322750	10778,7105
236000	27791
2378500	21684,3913,18730,9111,11734,10014
2386250	1335,23861,4254,29099,14261
239250	16818,18990,11196,8637,9301,25488,9111,29099,20536,25329,10778
2448250	10778,8691
252500	9111,29490,21865,14342,29099
266500	5833,27117,11748,29330,7409,16540,27179
267250	1237,8483
2688750	18075,6352,7105,2963,25960
2733500	8257,28201
2752000	4366,13784,2963,8637,13872,14917,29330,29203,18290,29099,20979
2771250	7105
2788750	17032,11176,8637,16154,12938,24669,7479,18075,29099,1335,3046
282500	27514,23779,18024,6352
2870250	9273,22113,3513,3219,24669,778,1335,29099,27791,14261,20979
2874500	6820,20536,1335,21783,12068,22280,7105,29099,6242,2683,19891
2882750	29541,2960,15159,15302,22280,19005,13244,12352,25366,22749,2513
2891500	6352,6880,11196,23861,3627,28481,24601,29099,16722,23223,12606
2920750	24385,23783,11196,8637,953,23861,15315,29099,9799,3651,7105
2940000	16406,23783,24172,21665,4479,9792,22280,7409,29099,12606,10014
2968250	2963,23783,24196,1335,18180,23861,527,239,29099,4578,27791
2975500	9111,23928,1335,7105,29099,4039,10014
2988000	18465,12068,4621,3151,7105,27638
3001000	18730,8637,13872,29330,12068,10646,22280,29099,4039,21067,27791
3009000	1700,20536,8637,23861,849,12285,12159,29099,20297,15390,18075
3014750	15315,1335,5043,4479,18075,9563,29099,16722,27205,29224,27346
3031750	20456,13872,3219,14917,4479,18025,29099,8278,16939,12606,2683
3054250	949,18772,13872,24417,24669,22280,18075,27912,20979
3148500	4648,22113,2963,15315,24669,239,29099,19405,27791,20979,27737
3188000	6352
3211250	12352
3226500	8637,1335,27791,14294,27179
3249250	8257
3266750	13020,7105
3288250	2963,8171,11688,16884,12754,24274,11330,19891,29099,2199,22915
3304500	3913,8637,22280,23928,8483,29099,12162,27205,27791,20979,27179
3310750	21838,11196,8637,15125,18960,22280,15019,10778,27791,18075,10908
3312500	3393,29330
3326250	16818,10193,29465,8637,14917,9792,13020,29099,27205,27638,12606
3344750	16818,16540,3913,1335,18465,849,18960,16944,29099,27791,12606
3350250	14902,8278
3396250	29099
3404000	6352,9111,20701,15094,1335,29099,12162,22246,10778,27791,10014
3520000	29099
3549000	1335,27791,23928
3581250	13878,23779,14020,11196,23482,24669,22280,11864,18075,12606,2683
3588500	8637,530
3590000	1213,10325,20617,2963,4949,16939,22946,29099,13430
3592750	8637,19539,27791
3625250	15959,11380,6352,18730,21788,530,11201,527,8278,3913,12606
3644250	22280,24627,23861,29099
3675000	4281,14265,12541,8637,3219,18024,29099,8278,20297,5043,2683
3684750	4479
371250	20958,21110,6352,8396,11201,27791
3751500	29099,12162
3781500	949,17629,12285,18024,27205,9799,29078
3795000	2683
38250	1335,20979
3846250	29330,15584,10014
3861500	9472,29099,2963
3895750	29099
3913250	8257,25960,8637,849,14294,29330,934
393250	24449,28985,849
3963750	23779,1335,19394,23861,3174,18024,21925,22280,20297,7740,10908
3977750	11196,21869,4479,22280,29099,14073,2683
4004500	8637,18075,29330,19973,29099,8278,5136,28535,27723,25669,2683
4035250	21684,3913,24669
4047000	20154,8637,14917,17759,12052,12159
4054000	7479,21952
4059500	3761,18172,16463,17609,18805,23698,19335,14451,11080
4063000	8257,8637,12068,5856,19974,2683
4073250	11196,8637,8816,13471,10778,2683
4115500	28481,12541
4133750	2610,10702,23861,22583,25596,16177
4153000	9273,15315,18730,1335,18075,3219,12068,8278,20297,25366,7827
415500	4307,5639,9525,12068,4578,25669
417250	25260,953,23861,29330,29099,14261
4184250	20979
4186500	12068
4195500	17959,25483,11196,8637,21110,849,12068,28481,8278,27791,12606
4256000	16331,8628,26585,2963,23861,10176,7105,7812,21146
4256500	16085
4259500	21684,12541,8637,28378,19135,28481,29099,8278,14261,12606,2683
4304250	26595,21865,8637,14902,19379,3219,29203,29099,14265,18075,24892
4317250	1739,9792,17748,12606
434750	23779,3809,2963,2306,28985,20551,29099,16154,25669
4370750	21865,5185,12168,20831,22749,12159,29099,27625,13260,25669,10014
4376250	949,8637,3219,849,4479,18024,4992,23628,14261,20979,10014
4378500	23781
439000	8628,9472,3219,6113,18024,22280,29099,18388,27179,7827,2683
4392000	8637,29099,16647
4454500	5185,8637,1791,28481,18024,178,20297,27791,18075,24764,2683
4475750	8637,18712,6113,4479,9472,5856,239,29099,20297,27205,27791
4503500	27257,6571,11196,20256,4479,7479,25830,29099,5043,8965
452750	2963,9273,29099,18730,1335,13872,23698,8637,18024,12541,20297
4533750	22280,18075,29099,849
4557250	20317,11196,1335,3181,29099,13284,528,19828,22887,16243
4625750	3913,12758,23783,1335,527,24764
4631250	19252,20896,5831,8396,11201,29099,15390
4658500	21110,21865,15315,1335,13765,20256,11354,8637,29099,27791,18075
4680000	6352
47000	2605,25366,7963,11531,18024,21706,28481,26034,15655,27791,6539
4712250	1335,29099
4770500	26619,18730,18465,19702,11201,29099,12606
4809000	11201,17781
4844000	11196,8637,24517,29330,12435,15138,29099,16722,4220,9486,6621
4850000	3575,949
4852000	29099
4852500	15125,26619,12759,9111,15854,9472,527,7105,18075,1392,12606
4853750	12688
4880250	23549,24012,2683
4886500	12541
4902250	24417,19885,14661,849,22583,7479,18024,13471,14596,28975
4907500	26794,8637,8396,29330,4479,28481,26006,7997,29099,4039,15390
4921000	18443,12162,22280,19974,4039,20297,20979,8483
4922750	20846
4956000	27514,21838,25366,7741
4967250	4479,17145,20536
5011500	2323,16818,8257,3913,5470,26789,27390,7479,14573,29099,8783
5012750	8738,18946,3719,23928,29330,7613,19955,21925,29099,3068,5053
5024500	10532,9273,16540,29099,23861,18200,18024,7230,4578,27791,18075
5037000	24193,24385,11196,10702,27448,22280,29099,10014,14261,12606,2683
5052000	20297
5061750	20979
5078750	18465,14942,1335,12754,23698,12285,28481,527,29099,16540,23071
5108000	8257,155,15734,18465,29330,12162,20297,19405,25366,20979,10014
5110750	18730,9111,28401,23861,18712,7105,29099,27205,29078,22887,16140
5139250	3553,7479,8637,21911,12435,1731,18024,23826,4039,26614,12606
5143250	21996,5856,24196,11196,16952,29330,7479,28481,28641,7105,12606
5155750	2963,949,20846,23480,25669,29099,25427
5170500	8171,27791,15315,11196,1335,10702,22583,29099,27205,7381,14261
5226250	1539,8637,29330,21706,18024,7409,20979,25618,9302
5238000	20958,11196,22280,14902,18712,527,27637,1031,10908,12606,23157
5254500	19255,11196,1335,13872,28246,22280,29099,19974,27205,24878,2683
5256500	11201
5261000	11196,9111,20701,7479,29099,26160,28201,12606
5264500	29099
5279750	9472,14902,2608,27199,22280,7105,29099
5292000	11080,29099
5293250	11679,15860,23861,12085,2249,29099,20297,29437,20506,8261,7186
5336750	9273,3913,3745,17491,15032,23698,12285,12541,20297,18075,13103
5407750	25086,6352,5315,17767
5440500	3913,18730,2963,11196,1335,4822,18712,19197,29099,1031,4220
5440750	2963
5491500	9273,6571,2963,1335,16939,15032,22280,14209,29099,21071,2683
5522250	25366,27791,18075,3228,29099
5539250	8637,13872
5642000	21865,28622,1335,12754,12285,22749,3181,2683,18075,22887,27179
5654000	2610,10999,11196,23774,24669,7479,18024,29099,27205,27791,20979
5655250	23779,9273,2963,6391,4949,7868,12068,18024,27791,23622,2683
567250	14020,7105,11196
5693000	6391,18730,29099
5697750	2212,21110,8860,4676,3458,16939,7105,29099,25240,1037,10014
5726500	20979
5742000	2323,23779,26614,24669,28481,12055,29099,12162,27965,7827,16306
5751500	9273,23783,1335,20846,29330,16116,527,29099,24869,15390,2683
5754500	9340,18730,25960,1335,8278,8816,28481,12162,10778,27791,12606
5780000	13784,18730,11196,1335,18075,18712,4479,17389,29099,25570,2683
5847500	29099,16939
5865750	9906,18805,29099,1335,12754,14795,4479,9472,12541,20297,6175
5899750	12541,12453,25146,14917,15218,29099,3647,20979
5957500	9906
5959000	14153
5962750	6571,3913,23861,3032,12068,29330,7105,18075,8261,20412,16140
5968250	24869,13380
599750	27205,9657,12541
5999000	18443
6061250	11524,29099,12453,22556,3219,849,4479,18741,27638,18075,2683
6099250	8637,10778,14486,2683
6150750	542,22093,18024,527,29152,29099,20297,25483,10479,10247,10014
6155250	3913,4059,2683,28481,29330,10778,16540,5043,2513
6172000	10702,12754
620500	8171,18730,15315,11196,1335,29330,28463,29099,27791,4220,10014
6233750	23779,28453,2963,23782,18180,7479,20979,4578,19005,27791,12606
6234000	21909,15019,18075,21372,29099
6257000	8637,10014
6266000	18024,23439
6272000	28494,20297,18075,21043
6299000	27179
6301250	1237,3913,1335,28182,19379,24669,7613,25917,28481,12541,20470
6334000	10908,29099,9301
6358500	3913,8261,29099
6380000	21684,13020
6400000	3228,10999,1335,11060,4479,22280,29099,4039,16564,27791,2683
6458250	22280,18730,10014
6458500	5532
6497000	11201,18075,6352,7173,29099
6515500	28481
65500	20393,239,12541
6564500	11176,18730,14942,1335,5856,28463,28481,19574,4238,20297,2683
6572500	29099
6619500	11196
6683750	25483,1771,29099,8637,23861,18712,29203,18024,12431,29388,2683
6694750	9472,13872,12489,21925,22280,7409,29099,5053,25570,14261,2683
6700250	17643,16463,25372,23861
6713250	20536,527,15315,9472,12754,29330,22280,20297,16540,4220,2683
6766250	3393,8637,23861,3627,5660,7105,10480,20297,27791,3651,29330
6780500	29099
6807250	9273,4281,4949,8278,22947,22280,16944,27155,23223,22749,2683
6848750	7096,16648,3228,23134,27625,9377,7850,16944,29330,11624,12977
6849750	11211,11196,3575,13872,19974,22583,11201,21925,22280,29099,8278
6852750	10480,12754
6872750	17642,14821,24434,29099
6874250	953,27179,29099,2683
6904000	4479
691500	25260,8257,18465,8637,12884,12489,24942,23861,27205,22880,15390
69500	4479,7866,18024,29099,10778,5043
6998500	2323,14596,21565
7016500	949,9111,16406,8637,28481,1917,29099,18075,28791
7034000	8637,19135,23861,18712,4479,5856,22280,29099,12162,15019,27791
7103000	2967,18465,849,26422,16944,28641,10038,29099,5136,18075,1392
7143250	18730,8637,23861,7479,28481,22280,13258,29099,8278,10778,24878
7149500	28593,3627
7163250	28410,22113,7105,29099
7190750	28481,27791,1539
7211250	4479,23656
7218000	5410,23783,4479,16944,29099,22880,12606,27179
725000	11196
7269250	29099,1335,8637,18024,1908,22179
7269750	4581,11196
731750	3393,23584,6352,12606
7323750	17153,27791,12606,11196
7361250	25260,3393,3913,11196,29330,11823,23223,22915,6621
7367000	6352,11196,4949,7997,12159,19702,8278,22880,27791,25570,7105
7435500	8171,16463,11196,1133,10702,19539,22280,28685,4510
7445000	6988
7450000	8171,29203,25971,9111,15686,11734,23340,29099,20297,18075,9220
746000	6988,24669,7613,4479,7479,18024,29330,16722,10778,10014
7476250	25260,10644,2613,23861,27390
7494250	11201,10526
764000	29099
764750	25618
7657250	24869,14902,20694,29099,13103
7687500	6352,15315,1335,18465,849,11201,28463,29099,22113,5681,2683
7699500	8257,6571,4281,9525,22280,3627,4479,7963,13020,29099,18075
7703750	9472,554,24601,23861,29099
776750	23549,24385,11196,8637,18465,23861,18712,11201,28481,29099,27179
7797000	11196,1335,4822,4718,14120,10893,29099
7830250	6571
7854500	12068,13784,1335,11201,15478,22280,6147,29099,2685,27179,10014
7860250	26718
7892000	2683
7893250	29099,13103
7921500	29099
7927750	1004,3228,11196,27179,23861,27437,29099,27791,9494,7780,255
7976750	15390,24591
799000	27918,6352,11196,1335,12068,3151,29099,17254,2683
8017000	25260,8637,7186,29099
8033500	24944,29099
8060000	12541
8070000	23928
8072250	1335,5043,4307,29330
8096750	28481
8102000	22280
8111500	28641,12606,8278
8129250	26619,26614,27033,1481,28641,29099,4238,20661,21071,25694,7432
8149250	4220,13787
8156500	25960,610,29330,18960,22280,7061,24869,27638,20470,9899,7105
8160750	29099
8163500	28362,21996,26794,8637,12068,5856,29099,20297,16140,5558,5053
8195000	8865,15315,25386,9111,12754,11010,12285,27618,7542,16540,15798
8216500	23781,20253,3016,18712,29099,28169,20297,12606,10014
8216750	29099
8230750	11524,28641,1771,239,24196
8243500	10702
8271000	10014
8280500	13971,18805,16674,16140
8314250	1335,18024,14780,28463,12541,4039,25345
832250	8637,7479,27791,24669
8324500	3168,11196,8637,24669,12068,7409,29099,9799,27791
83250	215,15315,8637,12754,23861,4479,12285,29099,9165,20979,2683
835000	8257,29099,18730,8637,8631,18960,6147,12541,8278,27791,12606
8353250	1335,27205,9152,29099,2683
8385000	11196,8637,16644,7479,28641,19702,11578,20661,27791,12606,10014
8430000	20979
8435250	21838,13745,5470,16754,10999,8637,16939,7479,29099,10778,21071
847750	4479,25386,21865,18180,29099
8528750	12285,7105
8529750	5856
861250	28481,29330
861750	2963,6203
8617500	3377,12285,17389,11843,18180
8649250	6571
8799750	21865,15315,15032,23480,1335,18882,29099,10778,18075,17133,2683
8845250	5015,15315,1335,13872,23698,7105,12352,27638,3534
887500	22880,10778,18075,29099
887750	21684,24385,1335,15921,2729,12068,29330,17664,27791,12606,27179
8909750	29099,22280,11176,25366
8910750	21838,29099,22094
892500	21684,23896,9472,14942,22280,239
8940500	5896,16884,11196,15478,29330,23928,29203,28481,7105,29099,18075
8949750	1335,26737,1822
9035750	19702,8637,14917,24669,4479,5856,18290,29099,8278,24878,2683
9039750	11196,20626,21094,7260,7105
9069000	17328,6571,155,8637,4479,11864,29099,12162,10480,18075,20979
9079500	11201,16540,17020,4479,18024,17389,16944,22880,27791,8271,12610
9121750	1704,17389,8637,10702,27448,3651,29529,22280,27791,1392,12606
9123500	12541,18730,7479,12285,28481,13258,29099,1293,10778,10014,16243
9163000	25260,22547,12068,14596,18024,5660,19891,10616,17405,15390,14261
9173750	1335,22280,23774,28481,4762,239,29099
9179500	1335,29099,1539
9199500	26614
9215000	6571,16103,12573,23134,6477,29330,16104,6887,27791,10247,28659
9278500	29330
9351750	2323,4281,18185,25086,16011,15831,24907,22094,28975,15390,25570
9352750	11201,2771,17407,4464,7186
9394500	8637,12688,23928,4479,1335,7105,29099,4238,27205,25366,12033
9437500	8637,12606
9512750	554,1335,11679,28945,15032,9792,20950,8603,10778,29269,12606
9513250	10014,12758,16939
965500	26894,15032,8816,29099,2683,6621
9671750	20979
969750	6435,22556,849,7409,18075,14261
9716500	16716,3887
9720000	7866
9782000	5856
9794000	13326,12162,4949,28945,25960
9807250	9111,18905,10778,23928,11196
984500	12610
9906500	18725,21838,7922,12453,22490,23698,22280,15988,27602,12606,10014
9979000	16653,8628,3219
