432 8388
432 7812
754 7812
754 5100
157 8785
157 1679
261 3942
261 9206
533 1834
533 8388
247 5087
247 8067
381 8785
381 1679
455 499
455 8387
883 1305
883 9499
253 4361
253 7812
55 4479
55 9241
566 271
566 3699
587 2599
587 3929
637 3088
637 3929
802 9090
802 8214
64 1420
64 5139
93 7812
93 322
100 8785
100 5100
293 8290
293 4450
317 6961
317 1729
334 2380
334 2420
729 8785
729 9166
44 8607
44 5270
69 5504
69 3341
388 2467
388 8388
861 3341
861 1834
878 8748
878 7852
165 7912
165 8338
212 1783
212 271
219 6961
219 2435
222 6600
222 7835
384 8785
384 1679
429 6961
429 2435
567 4475
567 3699
575 3658
575 8861
643 7852
643 2301
653 8019
653 8275
755 320
755 6186
94 1679
94 8435
124 3979
124 4544
179 6242
179 1235
233 1224
233 7243
342 2594
342 7812
362 1176
362 5139
693 1306
693 3031
852 347
852 621
42 5279
42 2345
119 8785
119 5100
430 8019
430 6364
513 2477
513 8073
677 1715
677 4924
718 5296
718 1787
727 8785
727 5661
197 3894
197 2867
210 2733
210 3250
311 8683
311 1120
348 5504
348 1834
399 1783
399 669
408 6533
408 20
449 1305
449 4967
568 4767
568 3250
592 8019
592 9206
879 1841
879 8388
25 1305
25 7939
160 4571
160 2205
177 1235
177 5504
201 747
201 4433
229 1305
229 564
273 8438
273 179
376 499
376 8382
502 891
502 8382
517 3827
517 9027
662 2829
662 6939
732 6961
732 8785
836 9262
836 708
11 4691
11 9032
48 3475
48 5023
88 8004
88 4361
123 3532
123 1176
151 1679
151 8785
154 708
154 4433
163 7266
163 8782
182 9103
182 6502
214 4361
214 254
385 6961
385 6000
416 2873
416 6796
477 5661
477 6550
482 9262
482 669
504 5504
504 5434
549 4941
549 8388
588 1712
588 7920
620 3808
620 1013
657 1343
657 3699
661 7571
661 2380
763 8388
763 2434
793 4479
793 2291
77 2734
77 7812
97 3948
97 8921
130 1787
130 8387
173 7830
173 6106
203 3493
203 1548
215 9469
215 1746
251 8041
251 6644
290 2434
290 4571
458 4083
458 2407
467 6125
467 5886
492 6383
492 3732
522 6125
522 3103
601 5980
601 2928
611 4571
611 392
622 6961
622 2435
664 8785
664 1679
740 1305
740 315
758 1679
758 8785
810 3732
810 1815
867 3942
867 499
873 4473
873 3463
41 3103
41 3492
106 8616
106 4446
150 3827
150 3777
216 3774
216 7035
257 3948
257 9015
271 1913
271 7294
316 465
316 3164
318 6961
318 2435
326 310
326 1591
344 179
344 3164
364 2363
364 1797
372 6986
372 4479
389 1305
389 8782
471 7812
471 8387
512 2966
512 1298
539 1305
539 2867
608 3592
608 2345
627 1114
627 1805
649 3144
649 5415
734 5200
734 6125
868 6354
868 5964
22 2205
22 4764
52 2736
52 9165
65 8800
65 1834
66 8127
66 7825
68 4439
68 2035
86 8387
86 2098
98 5894
98 4456
99 5521
99 3493
122 3592
122 8627
126 2523
126 163
161 9027
161 4008
164 1309
164 5355
250 7249
250 8387
266 230
266 4678
267 3901
267 2486
278 6726
278 6550
291 1679
291 8785
312 5279
312 9023
321 6986
321 4479
371 5476
371 194
373 6717
373 5804
413 3588
413 2934
420 8019
420 1712
421 1435
421 9505
431 6502
431 6560
437 499
437 2867
464 2477
464 6455
468 733
468 1964
510 2079
510 3169
619 1715
619 4549
636 8501
636 3592
641 2098
641 1303
648 1548
648 2856
659 2975
659 3492
676 9147
676 4204
684 5916
684 4084
713 2772
713 3399
733 2477
733 6455
742 5087
742 7812
855 9154
855 6822
0 7862
0 6158
7 9131
7 844
8 6000
8 6125
23 8609
23 5883
51 4630
51 5139
139 1305
139 4279
193 6961
193 2736
224 891
224 7812
270 4103
270 733
284 3103
284 1299
295 5504
295 1834
322 2098
322 230
354 6433
354 8409
357 6986
357 4479
365 2594
365 6892
394 7571
394 2863
396 3901
396 4701
422 1715
422 3794
493 8923
493 4865
507 3341
507 1834
529 6433
529 8409
535 7154
535 3062
536 5661
536 733
540 5721
540 566
598 1834
598 3341
606 4141
606 3827
663 3774
663 7035
665 6460
665 7094
696 6383
696 3777
703 7249
703 6778
743 9206
743 4767
752 3336
752 5554
777 8409
777 6433
800 7249
800 6986
801 4214
801 6986
846 3493
846 1548
853 2717
853 4304
854 4083
854 2407
857 3808
857 4093
15 9497
15 5276
37 7812
37 5933
59 747
59 4433
60 8409
60 1984
103 392
109 2434
109 9472
111 3834
111 5765
128 4941
128 8398
137 559
137 9096
174 4245
174 3169
200 5287
200 7483
207 8862
207 2204
235 8198
235 5822
248 3827
248 1235
323 8028
323 778
347 9262
347 1998
387 2018
387 4521
401 5707
401 5151
497 2018
497 4521
514 1176
514 3979
555 132
555 9262
583 113
583 6383
586 2481
586 1122
593 6796
593 9529
615 2204
615 4450
626 9065
626 2682
685 2886
685 5615
704 6527
704 8743
719 8290
719 1176
726 4300
726 9080
737 7601
737 6694
738 8387
738 5618
747 2616
747 5355
756 9032
756 9241
797 4061
797 2420
811 741
811 3901
834 3062
834 3090
858 9084
858 5527
863 3869
863 3597
870 4699
870 3933
874 3922
874 7326
876 1826
876 8187
18 4684
18 5113
24 2606
24 2434
26 2323
26 8382
35 9336
35 3062
45 8861
45 3658
46 1736
46 9165
56 2660
56 8726
76 2599
76 9153
81 8155
81 20
117 8507
117 5499
121 3979
121 5296
156 4055
156 4195
170 3201
170 2301
208 7258
208 4450
218 4083
218 2407
221 5223
221 5611
254 656
254 3215
276 1548
276 9379
294 9327
294 175
298 3699
298 1343
300 1783
300 5191
310 897
310 3493
349 1050
349 4845
363 3584
363 5512
369 2345
369 3385
390 113
390 3732
406 5447
406 6447
410 8501
410 339
418 1787
418 9206
501 542
501 8023
531 275
531 3783
532 1214
532 7342
556 1343
556 3699
578 1783
578 5191
596 6822
596 9154
600 4691
600 1780
616 1834
616 3341
670 8035
670 768
674 796
674 2347
680 7812
680 4013
717 5836
717 9065
725 5639
725 7509
735 3103
735 2121
751 796
751 2347
768 6538
768 8290
779 7294
779 2886
787 6433
787 8409
790 8419
790 2736
795 796
795 2347
823 4141
823 3827
848 8339
848 6989
